
















































































































(40;40) 
(40;40) 


(40;40) 
(40;40) 
(40;40) 
(40;40) 





(900;0) (900;0) (900;0) (900;0) (900;0) (900;0) (900;0) (900;0) (900;0) (900;0) (900;0) (900;0) (900;0) (900;0) (900;0) (900;0) (900;0) (900;0) (900;0) (900;0) (900;0) (900;0) (900;0) (900;0) (900;0) (900;0) (900;0) (900;0) (900;0) (900;0) (900;0) (900;0) (900;0) (900;0) (900;0) (900;0) (900;0) (900;0) (900;0) (900;0) (900;0) (900;0) (900;0) (900;0) (900;0) (900;0) (900;0) (900;0) (900;0) (900;0) (900;0) (900;0) (900;0) (900;0) (900;0) (900;0) (900;0) (900;0) (900;0) (900;0) (900;0) (900;0) (900;0) (900;0) (900;0) (900;0) (900;0) (900;0) (900;0) (900;0) (900;0) (900;0) (900;0) (900;0) (900;0) (900;0) (900;0) (900;0) (900;0) (900;0) (900;0) (900;0) (900;0) (900;0) (900;0) (900;0) (900;0) (900;0) (900;0) (900;0) (900;0) (900;0) (900;0) (900;0) (900;0) (900;0) (900;0) (900;0) (900;0) (900;0) (900;0) (900;0) (900;0) (900;0) (900;0) (900;0) (900;0) (900;0) (900;0) (900;0) (900;0) (900;0) (900;0) (900;0) (900;0) (900;0) (900;0) (900;0) (900;0) (900;0) (900;0) (900;0) (900;0) (900;0) (900;0) (900;0) (900;0) (900;0) (900;0) (900;0) (900;0) (900;0) (900;0) (900;0) (900;0) (900;0) (900;0) (900;0) (900;0) (900;0) (900;0) (900;0) (900;0) (900;0) (900;0) (900;0) (900;0) (900;0) (900;0) (900;0) (900;0) (900;0) (900;0) (900;0) (900;0) (900;0) (900;0) (900;0) (900;0) (900;0) (900;0) (900;0) (900;0) (900;0) (900;0) (900;0) (900;0) (900;0) (900;0) (900;0) (900;0) (900;0) (900;0) (900;0) (900;0) (900;0) (900;0) (900;0) (900;0) (900;0) (900;0) (900;0) (900;0) (900;0) (900;0) (900;0) (900;0) (900;0) (900;0) (900;0) (900;0) (900;0) (900;0) (900;0) (900;0) (900;0) (900;0) (900;0) (900;0) (900;0) (900;0) (900;0) (900;0) (900;0) (900;0) (900;0) (900;0) (900;0) (900;0) (900;0) (900;0) (900;0) (900;0) (900;0) (900;0) (900;0) (900;0) (900;0) (900;0) (900;0) (900;0) (900;0) (900;0) (900;0) (900;0) (900;0) (900;0) (900;0) (900;0) (900;0) (900;0) (900;0) (900;0) (900;0) (900;0) (900;0) (900;0) (900;0) (900;0) (900;0) (900;0) (900;0) (900;0) (900;0) (900;0) (900;0) (900;0) (900;0) (900;0) (900;0) (900;0) (900;0) (900;0) (900;0) (900;0) (900;0) (900;0) (900;0) (900;0) (900;0) (900;0) (900;0) (900;0) (900;0) (900;0) (900;0) (900;0) (900;0) (900;0) (900;0) (900;0) (900;0) (900;0) (900;0) (900;0) (900;0) (900;0) (900;0) (900;0) (900;0) (900;0) (900;0) (900;0) (900;0) (900;0) (900;0) (900;0) (900;0) (900;0) (900;0) (900;0) (900;0) (900;0) (900;0) (900;0) (900;0) (900;0) (900;0) (900;0) (900;0) (900;0) (900;0) (900;0) (900;0) (900;0) (900;0) (900;0) (900;0) (900;0) (900;0) (900;0) (900;0) (900;0) (900;0) (900;0) (900;0) (900;0) (900;0) (900;0) (900;0) (900;0) (900;0) (900;0) (900;0) (900;0) (900;0) (900;0) (900;0) (900;0) (900;0) (900;0) (900;0) (900;0) (900;0) (900;0) (900;0) (900;0) (900;0) (900;0) (900;0) (900;0) (900;0) (900;0) (900;0) (900;0) (900;0) (900;0) (900;0) (900;0) (900;0) (900;0) (900;0) (900;0) (900;0) (900;0) (900;0) (900;0) (900;0) (900;0) (900;0) (900;0) 
(900;0) (900;0) (900;0) (900;0) (900;0) (900;0) (900;0) (900;0) (900;0) (900;0) (900;0) (900;0) (900;0) (900;0) (900;0) (900;0) (900;0) (900;0) (900;0) (900;0) (900;0) (900;0) (900;0) (900;0) (900;0) (900;0) (900;0) (900;0) (900;0) (900;0) (900;0) (900;0) (900;0) (900;0) (900;0) (900;0) (900;0) (900;0) (900;0) (900;0) (900;0) (900;0) (900;0) (900;0) (900;0) (900;0) (900;0) (900;0) (900;0) (900;0) (900;0) (900;0) (900;0) (900;0) (900;0) (900;0) (900;0) (900;0) (900;0) (900;0) (900;0) (900;0) (900;0) (900;0) (900;0) (900;0) (900;0) (900;0) (900;0) (900;0) (900;0) (900;0) (900;0) (900;0) (900;0) (900;0) (900;0) (900;0) (900;0) (900;0) (900;0) (900;0) (900;0) (900;0) (900;0) (900;0) (900;0) (900;0) (900;0) (900;0) (900;0) (900;0) (900;0) (900;0) (900;0) (900;0) (900;0) (900;0) (900;0) (900;0) (900;0) (900;0) (900;0) (900;0) (900;0) (900;0) (900;0) (900;0) (900;0) (900;0) (900;0) (900;0) (900;0) (900;0) (900;0) (900;0) (900;0) (900;0) (900;0) (900;0) (900;0) (900;0) (900;0) (900;0) (900;0) (900;0) (900;0) (900;0) (900;0) (900;0) (900;0) (900;0) (900;0) (900;0) (900;0) (900;0) (900;0) (900;0) (900;0) (900;0) (900;0) (900;0) (900;0) (900;0) (900;0) (900;0) (900;0) (900;0) (900;0) (900;0) (900;0) (900;0) (900;0) (900;0) (900;0) (900;0) (900;0) (900;0) (900;0) (900;0) (900;0) (900;0) (900;0) (900;0) (900;0) (900;0) (900;0) (900;0) (900;0) (900;0) (900;0) (900;0) (900;0) (900;0) (900;0) (900;0) (900;0) (900;0) (900;0) (900;0) (900;0) (900;0) (900;0) (900;0) (900;0) (900;0) (900;0) (900;0) (900;0) (900;0) (900;0) (900;0) (900;0) (900;0) (900;0) (900;0) (900;0) (900;0) (900;0) (900;0) (900;0) (900;0) (900;0) (900;0) (900;0) (900;0) (900;0) (900;0) (900;0) (900;0) (900;0) (900;0) (900;0) (900;0) (900;0) (900;0) (900;0) (900;0) (900;0) (900;0) (900;0) (900;0) (900;0) (900;0) (900;0) (900;0) (900;0) (900;0) (900;0) (900;0) (900;0) (900;0) (900;0) (900;0) (900;0) (900;0) (900;0) (900;0) (900;0) (900;0) (900;0) (900;0) (900;0) (900;0) (900;0) (900;0) (900;0) (900;0) (900;0) (900;0) (900;0) (900;0) (900;0) (900;0) (900;0) (900;0) (900;0) (900;0) (900;0) (900;0) (900;0) (900;0) (900;0) (900;0) (900;0) (900;0) (900;0) (900;0) (900;0) (900;0) (900;0) (900;0) (900;0) (900;0) (900;0) (900;0) (900;0) (900;0) (900;0) (900;0) (900;0) (900;0) (900;0) (900;0) 
(900;0) (900;0) (900;0) (900;0) (900;0) (900;0) (900;0) (900;0) (900;0) (900;0) (900;0) (900;0) (900;0) (900;0) (900;0) (900;0) (900;0) (900;0) (900;0) (900;0) (900;0) (900;0) (900;0) (900;0) (900;0) (900;0) (900;0) (900;0) (900;0) (900;0) (900;0) (900;0) (900;0) (900;0) (900;0) (900;0) (900;0) (900;0) (900;0) (900;0) (900;0) (900;0) (900;0) (900;0) (900;0) (900;0) (900;0) (900;0) (900;0) (900;0) (900;0) (900;0) (900;0) (900;0) (900;0) (900;0) (900;0) (900;0) (900;0) (900;0) (900;0) (900;0) (900;0) (900;0) (900;0) (900;0) (900;0) (900;0) (900;0) (900;0) (900;0) (900;0) (900;0) (900;0) (900;0) (900;0) (900;0) (900;0) (900;0) (900;0) (900;0) (900;0) (900;0) (900;0) (900;0) (900;0) (900;0) (900;0) (900;0) (900;0) (900;0) (900;0) (900;0) (900;0) (900;0) (900;0) (900;0) (900;0) (900;0) (900;0) (900;0) (900;0) (900;0) (900;0) (900;0) (900;0) (900;0) (900;0) (900;0) (900;0) (900;0) (900;0) (900;0) (900;0) (900;0) (900;0) (900;0) (900;0) (900;0) (900;0) (900;0) (900;0) (900;0) (900;0) (900;0) (900;0) (900;0) (900;0) (900;0) (900;0) (900;0) (900;0) (900;0) (900;0) (900;0) (900;0) (900;0) (900;0) (900;0) (900;0) (900;0) (900;0) (900;0) (900;0) (900;0) (900;0) (900;0) (900;0) (900;0) (900;0) (900;0) (900;0) (900;0) (900;0) (900;0) (900;0) (900;0) (900;0) (900;0) (900;0) (900;0) (900;0) (900;0) (900;0) (900;0) (900;0) (900;0) (900;0) (900;0) (900;0) (900;0) (900;0) (900;0) (900;0) (900;0) (900;0) (900;0) (900;0) (900;0) (900;0) (900;0) (900;0) (900;0) (900;0) (900;0) (900;0) (900;0) (900;0) (900;0) (900;0) (900;0) (900;0) (900;0) (900;0) (900;0) (900;0) (900;0) (900;0) (900;0) (900;0) (900;0) (900;0) (900;0) (900;0) (900;0) (900;0) (900;0) (900;0) (900;0) (900;0) (900;0) (900;0) (900;0) (900;0) (900;0) (900;0) (900;0) (900;0) (900;0) (900;0) (900;0) (900;0) (900;0) (900;0) (900;0) (900;0) (900;0) (900;0) (900;0) (900;0) (900;0) (900;0) (900;0) (900;0) (900;0) (900;0) (900;0) (900;0) (900;0) (900;0) (900;0) (900;0) (900;0) (900;0) (900;0) (900;0) (900;0) (900;0) (900;0) (900;0) (900;0) (900;0) (900;0) (900;0) (900;0) (900;0) (900;0) (900;0) (900;0) (900;0) (900;0) (900;0) (900;0) (900;0) (900;0) (900;0) (900;0) (900;0) (900;0) (900;0) (900;0) (900;0) (900;0) (900;0) (900;0) (900;0) (900;0) (900;0) (900;0) (900;0) (900;0) (900;0) (900;0) (900;0) (900;0) (900;0) (900;0) (900;0) (900;0) (900;0) (900;0) (900;0) (900;0) (900;0) (900;0) (900;0) (900;0) (900;0) (900;0) (900;0) (900;0) (900;0) (900;0) (900;0) (900;0) (900;0) (900;0) (900;0) (900;0) (900;0) (900;0) (900;0) (900;0) (900;0) (900;0) (900;0) (900;0) (900;0) (900;0) (900;0) (900;0) (900;0) (900;0) (900;0) (900;0) (900;0) (900;0) (900;0) (900;0) (900;0) (900;0) (900;0) (900;0) (900;0) (900;0) (900;0) (900;0) (900;0) (900;0) (900;0) (900;0) (900;0) (900;0) (900;0) (900;0) (900;0) (900;0) (900;0) (900;0) (900;0) (900;0) (900;0) (900;0) (900;0) (900;0) (900;0) (900;0) (900;0) (900;0) (900;0) (900;0) (900;0) (900;0) (900;0) (900;0) (900;0) (900;0) (900;0) (900;0) (900;0) (900;0) (900;0) (900;0) (900;0) (900;0) (900;0) (900;0) (900;0) (900;0) (900;0) (900;0) (900;0) (900;0) (900;0) (900;0) (900;0) (900;0) (900;0) (900;0) (900;0) (900;0) (900;0) (900;0) (900;0) (900;0) (900;0) (900;0) (900;0) (900;0) (900;0) (900;0) (900;0) (900;0) (900;0) (900;0) (900;0) (900;0) (900;0) (900;0) (900;0) (900;0) (900;0) (900;0) (900;0) (900;0) (900;0) (900;0) (900;0) (900;0) (900;0) (900;0) (900;0) (900;0) (900;0) (900;0) (900;0) (900;0) (900;0) (900;0) (900;0) (900;0) (900;0) (900;0) (900;0) (900;0) (900;0) (900;0) (900;0) 
(900;0) (900;0) (900;0) (900;0) (900;0) (900;0) (900;0) (900;0) (900;0) (900;0) (900;0) (900;0) (900;0) (900;0) (900;0) (900;0) (900;0) (900;0) (900;0) (900;0) (900;0) (900;0) (900;0) (900;0) (900;0) (900;0) (900;0) (900;0) (900;0) (900;0) (900;0) (900;0) (900;0) (900;0) (900;0) (900;0) (900;0) (900;0) (900;0) (900;0) (900;0) (900;0) (900;0) (900;0) (900;0) (900;0) (900;0) (900;0) (900;0) (900;0) (900;0) (900;0) (900;0) (900;0) (900;0) (900;0) (900;0) (900;0) (900;0) (900;0) (900;0) (900;0) (900;0) (900;0) (900;0) (900;0) (900;0) (900;0) (900;0) (900;0) (900;0) (900;0) (900;0) (900;0) (900;0) (900;0) (900;0) (900;0) (900;0) (900;0) (900;0) (900;0) (900;0) (900;0) (900;0) (900;0) (900;0) (900;0) (900;0) (900;0) (900;0) (900;0) (900;0) (900;0) (900;0) (900;0) (900;0) (900;0) (900;0) (900;0) (900;0) (900;0) (900;0) (900;0) (900;0) (900;0) (900;0) (900;0) (900;0) (900;0) (900;0) (900;0) (900;0) (900;0) (900;0) (900;0) (900;0) (900;0) (900;0) (900;0) (900;0) (900;0) (900;0) (900;0) (900;0) (900;0) (900;0) (900;0) (900;0) (900;0) (900;0) (900;0) (900;0) (900;0) (900;0) (900;0) (900;0) (900;0) (900;0) (900;0) (900;0) (900;0) (900;0) (900;0) (900;0) (900;0) (900;0) (900;0) (900;0) (900;0) (900;0) (900;0) (900;0) (900;0) (900;0) (900;0) (900;0) (900;0) (900;0) (900;0) (900;0) (900;0) (900;0) (900;0) (900;0) (900;0) (900;0) (900;0) (900;0) (900;0) (900;0) (900;0) (900;0) (900;0) (900;0) (900;0) (900;0) (900;0) (900;0) (900;0) (900;0) (900;0) (900;0) (900;0) (900;0) (900;0) (900;0) (900;0) (900;0) (900;0) (900;0) (900;0) (900;0) (900;0) (900;0) (900;0) (900;0) (900;0) (900;0) (900;0) (900;0) (900;0) (900;0) (900;0) (900;0) (900;0) (900;0) (900;0) (900;0) (900;0) (900;0) (900;0) (900;0) (900;0) (900;0) (900;0) (900;0) (900;0) (900;0) (900;0) (900;0) (900;0) (900;0) (900;0) (900;0) (900;0) (900;0) (900;0) (900;0) (900;0) (900;0) (900;0) (900;0) (900;0) (900;0) (900;0) (900;0) (900;0) (900;0) (900;0) (900;0) (900;0) (900;0) (900;0) (900;0) (900;0) (900;0) (900;0) (900;0) (900;0) (900;0) (900;0) (900;0) (900;0) (900;0) (900;0) (900;0) (900;0) (900;0) (900;0) (900;0) (900;0) (900;0) (900;0) (900;0) (900;0) (900;0) 
(900;0) (900;0) (900;0) (900;0) (900;0) (900;0) (900;0) (900;0) (900;0) (900;0) (900;0) (900;0) (900;0) (900;0) (900;0) (900;0) (900;0) (900;0) (900;0) (900;0) (900;0) (900;0) (900;0) (900;0) (900;0) (900;0) (900;0) (900;0) (900;0) (900;0) (900;0) (900;0) (900;0) (900;0) (900;0) (900;0) 
(900;0) (900;0) (900;0) (900;0) (900;0) (900;0) (900;0) (900;0) (900;0) (900;0) (900;0) (900;0) (900;0) (900;0) (900;0) (900;0) (900;0) (900;0) (900;0) (900;0) (900;0) (900;0) (900;0) (900;0) (900;0) (900;0) (900;0) (900;0) (900;0) (900;0) (900;0) (900;0) (900;0) (900;0) (900;0) (900;0) (900;0) (900;0) (900;0) (900;0) (900;0) (900;0) (900;0) 
(900;0) (900;0) (900;0) (900;0) (900;0) (900;0) (900;0) (900;0) (900;0) (900;0) (900;0) (900;0) (900;0) (900;0) (900;0) (900;0) (900;0) (900;0) (900;0) (900;0) (900;0) 
(900;0) (900;0) (900;0) (900;0) (900;0) (900;0) (900;0) (900;0) (900;0) (900;0) (900;0) (900;0) (900;0) (900;0) (900;0) (900;0) (900;0) (900;0) (900;0) (900;0) (900;0) (900;0) (900;0) (900;0) (900;0) (900;0) (900;0) (900;0) (900;0) (900;0) (900;0) (900;0) (900;0) (900;0) (900;0) (900;0) (900;0) (900;0) (900;0) (900;0) (900;0) (900;0) (900;0) (900;0) (900;0) (900;0) (900;0) (900;0) (900;0) (900;0) (900;0) (900;0) (900;0) (900;0) (900;0) (900;0) 
(900;0) (900;0) (900;0) (900;0) (900;0) (900;0) (900;0) (900;0) (900;0) (900;0) (900;0) (900;0) (900;0) (900;0) (900;0) (900;0) (900;0) (900;0) (900;0) (900;0) (900;0) (900;0) (900;0) (900;0) (900;0) (900;0) (900;0) (900;0) (900;0) (900;0) (900;0) (900;0) (900;0) 

(900;0) (900;0) (900;0) (900;0) (900;0) (900;0) (900;0) (900;0) (900;0) (900;0) (900;0) (900;0) (900;0) (900;0) (900;0) (900;0) (900;0) (900;0) (900;0) (900;0) (900;0) (900;0) (900;0) (900;0) (900;0) (900;0) (900;0) (900;0) (900;0) (900;0) (900;0) (900;0) (900;0) (900;0) (900;0) (900;0) (900;0) (900;0) (900;0) (900;0) (900;0) 
(900;0) (900;0) (900;0) (900;0) (900;0) (900;0) (900;0) (900;0) (900;0) (900;0) (900;0) (900;0) (900;0) (900;0) (900;0) (900;0) (900;0) (900;0) (900;0) (900;0) (900;0) (900;0) (900;0) (900;0) (900;0) (900;0) (900;0) (900;0) (900;0) (900;0) (900;0) (900;0) (900;0) (900;0) (900;0) (900;0) (900;0) (900;0) (900;0) (900;0) (900;0) (900;0) (900;0) (900;0) (900;0) (900;0) (900;0) (900;0) (900;0) (900;0) (900;0) (900;0) (900;0) (900;0) (900;0) (900;0) (900;0) (900;0) (900;0) (900;0) (900;0) (900;0) (900;0) (900;0) (900;0) (900;0) (900;0) (900;0) (900;0) (900;0) (900;0) (900;0) (900;0) (900;0) (900;0) (900;0) (900;0) (900;0) (900;0) (900;0) (900;0) (900;0) (900;0) (900;0) (900;0) (900;0) (900;0) (900;0) (900;0) (900;0) (900;0) (900;0) (900;0) (900;0) (900;0) (900;0) (900;0) (900;0) (900;0) (900;0) (900;0) (900;0) (900;0) (900;0) (900;0) (900;0) (900;0) (900;0) (900;0) (900;0) (900;0) (900;0) (900;0) (900;0) (900;0) (900;0) (900;0) (900;0) (900;0) (900;0) (900;0) (900;0) (900;0) (900;0) (900;0) (900;0) (900;0) (900;0) (900;0) (900;0) (900;0) (900;0) (900;0) (900;0) (900;0) (900;0) (900;0) (900;0) (900;0) (900;0) (900;0) (900;0) (900;0) (900;0) (900;0) (900;0) (900;0) (900;0) (900;0) (900;0) (900;0) (900;0) (900;0) (900;0) (900;0) (900;0) (900;0) (900;0) (900;0) (900;0) (900;0) (900;0) (900;0) (900;0) (900;0) (900;0) (900;0) (900;0) (900;0) (900;0) (900;0) (900;0) (900;0) (900;0) (900;0) (900;0) (900;0) (900;0) (900;0) (900;0) (900;0) (900;0) (900;0) (900;0) (900;0) (900;0) (900;0) (900;0) (900;0) (900;0) (900;0) (900;0) (900;0) (900;0) (900;0) (900;0) (900;0) (900;0) (900;0) (900;0) (900;0) (900;0) (900;0) (900;0) (900;0) (900;0) (900;0) (900;0) (900;0) (900;0) (900;0) (900;0) (900;0) (900;0) (900;0) (900;0) (900;0) (900;0) (900;0) (900;0) (900;0) (900;0) (900;0) (900;0) (900;0) (900;0) (900;0) (900;0) (900;0) (900;0) (900;0) (900;0) (900;0) (900;0) (900;0) (900;0) (900;0) (900;0) (900;0) (900;0) (900;0) (900;0) (900;0) (900;0) (900;0) (900;0) (900;0) (900;0) (900;0) (900;0) (900;0) (900;0) (900;0) (900;0) (900;0) (900;0) (900;0) (900;0) (900;0) (900;0) (900;0) (900;0) (900;0) (900;0) (900;0) (900;0) (900;0) (900;0) (900;0) (900;0) (900;0) (900;0) (900;0) (900;0) (900;0) (900;0) (900;0) (900;0) (900;0) (900;0) (900;0) (900;0) (900;0) (900;0) (900;0) (900;0) (900;0) (900;0) (900;0) (900;0) (900;0) (900;0) (900;0) (900;0) (900;0) (900;0) (900;0) (900;0) (900;0) (900;0) (900;0) (900;0) (900;0) 






(900;0) (900;0) (900;0) (900;0) (900;0) (900;0) (900;0) (900;0) (900;0) (900;0) (900;0) (900;0) (900;0) (900;0) (900;0) (900;0) (900;0) (900;0) (900;0) (900;0) (900;0) (900;0) (900;0) (900;0) (900;0) (900;0) (900;0) (900;0) (900;0) (900;0) (900;0) (900;0) (900;0) (900;0) (900;0) (900;0) (900;0) (900;0) (900;0) (900;0) (900;0) (900;0) (900;0) (900;0) (900;0) (900;0) (900;0) (900;0) (900;0) (900;0) (900;0) (900;0) 

(40;40) 
(900;0) (900;0) (900;0) (900;0) (900;0) (900;0) (900;0) (900;0) (900;0) (900;0) (900;0) (900;0) (900;0) (900;0) (900;0) (900;0) (900;0) (900;0) (900;0) (900;0) (900;0) (900;0) (900;0) (900;0) (900;0) (900;0) (900;0) (900;0) (900;0) (900;0) (900;0) (900;0) (900;0) (900;0) (900;0) (900;0) (900;0) (900;0) (900;0) (900;0) (900;0) (900;0) (900;0) (900;0) (900;0) (900;0) (900;0) (900;0) (900;0) (900;0) (900;0) (900;0) (900;0) (900;0) (900;0) (900;0) (900;0) (900;0) (900;0) (900;0) (900;0) (900;0) (900;0) (900;0) (900;0) (900;0) (900;0) (900;0) (900;0) (900;0) (900;0) (900;0) (900;0) (900;0) (900;0) (900;0) (900;0) (900;0) (900;0) (900;0) (900;0) (900;0) (900;0) (900;0) (900;0) (900;0) (900;0) (900;0) (900;0) (900;0) (900;0) (900;0) (900;0) (900;0) (900;0) (900;0) (900;0) (900;0) (900;0) (900;0) (900;0) (900;0) (900;0) (900;0) (900;0) (900;0) (900;0) (900;0) (900;0) (900;0) (900;0) (900;0) (900;0) (900;0) (900;0) (900;0) (900;0) (900;0) (900;0) (900;0) (900;0) (900;0) (900;0) (900;0) (900;0) (900;0) (900;0) (900;0) (900;0) (900;0) (900;0) (900;0) (900;0) (900;0) (900;0) (900;0) (900;0) (900;0) (900;0) (900;0) (900;0) (900;0) (900;0) (900;0) (900;0) (900;0) (900;0) (900;0) (900;0) (900;0) (900;0) (900;0) (900;0) (900;0) (900;0) (900;0) (900;0) (900;0) (900;0) (900;0) (900;0) (900;0) (900;0) (900;0) (900;0) (900;0) (900;0) (900;0) (900;0) (900;0) (900;0) (900;0) (900;0) (900;0) (900;0) (900;0) (900;0) (900;0) (900;0) (900;0) (900;0) (900;0) (900;0) (900;0) (900;0) (900;0) (900;0) (900;0) (900;0) (900;0) (900;0) (900;0) (900;0) (900;0) (900;0) (900;0) (900;0) (900;0) (900;0) (900;0) (900;0) (900;0) (900;0) (900;0) (900;0) (900;0) (900;0) (900;0) (900;0) (900;0) (900;0) (900;0) (900;0) (900;0) (900;0) (900;0) (900;0) (900;0) (900;0) (900;0) (900;0) (900;0) (900;0) (900;0) (900;0) (900;0) (900;0) (900;0) (900;0) (900;0) (900;0) (900;0) (900;0) (900;0) (900;0) (900;0) (900;0) (900;0) (900;0) (900;0) (900;0) (900;0) (900;0) (900;0) (900;0) (900;0) (900;0) (900;0) (900;0) (900;0) (900;0) (900;0) (900;0) (900;0) (900;0) (900;0) (900;0) (900;0) (900;0) (900;0) (900;0) (900;0) (900;0) (900;0) (900;0) (900;0) (900;0) (900;0) (900;0) (900;0) (900;0) (900;0) (900;0) (900;0) (900;0) (900;0) (900;0) 
(40;40) (900;0) (900;0) (900;0) (900;0) (900;0) (900;0) (900;0) (900;0) (900;0) (900;0) (900;0) (900;0) (900;0) (900;0) (900;0) (900;0) (900;0) (900;0) (900;0) (900;0) (900;0) (900;0) (900;0) (900;0) (900;0) (900;0) (900;0) (900;0) (900;0) (900;0) (900;0) (900;0) (900;0) (900;0) (900;0) (900;0) (900;0) (900;0) (900;0) (900;0) (900;0) (900;0) (900;0) (900;0) (900;0) (900;0) (900;0) (900;0) (900;0) (900;0) (900;0) (900;0) (900;0) (900;0) (900;0) (900;0) (900;0) (900;0) (900;0) (900;0) (900;0) (900;0) (900;0) (900;0) (900;0) (900;0) (900;0) (900;0) (900;0) (900;0) (900;0) (900;0) (900;0) (900;0) (900;0) (900;0) (900;0) (900;0) (900;0) (900;0) (900;0) (900;0) (900;0) (900;0) (900;0) (900;0) (900;0) (900;0) (900;0) (900;0) (900;0) (900;0) (900;0) (900;0) (900;0) (900;0) (900;0) (900;0) (900;0) (900;0) (900;0) (900;0) (900;0) (900;0) (900;0) (900;0) (900;0) (900;0) (900;0) (900;0) (900;0) (900;0) (900;0) (900;0) (900;0) (900;0) (900;0) (900;0) (900;0) (900;0) (900;0) (900;0) (900;0) (900;0) (900;0) (900;0) (900;0) (900;0) (900;0) (900;0) (900;0) (900;0) (900;0) (900;0) (900;0) (900;0) (900;0) (900;0) (900;0) (900;0) (900;0) (900;0) (900;0) (900;0) (900;0) (900;0) (900;0) (900;0) (900;0) (900;0) (900;0) (900;0) (900;0) (900;0) (900;0) (900;0) (900;0) (900;0) (900;0) (900;0) (900;0) (900;0) (900;0) (900;0) (900;0) (900;0) (900;0) (900;0) (900;0) (900;0) (900;0) (900;0) (900;0) (900;0) (900;0) (900;0) (900;0) (900;0) (900;0) (900;0) (900;0) (900;0) (900;0) (900;0) (900;0) (900;0) (900;0) (900;0) (900;0) (900;0) (900;0) (900;0) (900;0) (900;0) (900;0) (900;0) (900;0) (900;0) (900;0) (900;0) (900;0) (900;0) (900;0) (900;0) (900;0) (900;0) (900;0) (900;0) (900;0) (900;0) (900;0) (900;0) (900;0) (900;0) (900;0) (900;0) (900;0) (900;0) (900;0) (900;0) (900;0) (900;0) (900;0) (900;0) (900;0) (900;0) (900;0) (900;0) (900;0) (900;0) (900;0) (900;0) (900;0) (900;0) (900;0) (900;0) (900;0) (900;0) (900;0) (900;0) (900;0) (900;0) (900;0) (900;0) (900;0) (900;0) (900;0) (900;0) (900;0) (900;0) (900;0) (900;0) (900;0) (900;0) (900;0) (900;0) (900;0) (900;0) (900;0) (900;0) (900;0) (900;0) (900;0) (900;0) (900;0) (900;0) 
(900;0) (900;0) (900;0) (900;0) (900;0) (900;0) (900;0) (900;0) (900;0) (900;0) (900;0) (900;0) (900;0) (900;0) (900;0) (900;0) (900;0) (900;0) (900;0) (900;0) (900;0) (900;0) (900;0) (900;0) (900;0) (900;0) (900;0) (900;0) (900;0) (900;0) (900;0) (900;0) (900;0) (900;0) (900;0) (900;0) (900;0) (900;0) (900;0) (900;0) (900;0) (900;0) (900;0) (900;0) (900;0) (900;0) (900;0) (900;0) (900;0) (900;0) (900;0) (900;0) (900;0) (900;0) (900;0) (900;0) (900;0) (900;0) (900;0) (900;0) (900;0) (900;0) (900;0) (900;0) (900;0) (900;0) (900;0) (900;0) (900;0) (900;0) (900;0) (900;0) (900;0) (900;0) (900;0) (900;0) (900;0) (900;0) (900;0) (900;0) (900;0) (900;0) (900;0) (900;0) (900;0) (900;0) (900;0) (900;0) (900;0) (900;0) (900;0) (900;0) (900;0) (900;0) (900;0) (900;0) (900;0) (900;0) (900;0) (900;0) (900;0) (900;0) (900;0) (900;0) (900;0) (900;0) (900;0) (900;0) (900;0) (900;0) (900;0) (900;0) (900;0) (900;0) (900;0) (900;0) (900;0) (900;0) (900;0) (900;0) (900;0) (900;0) (900;0) (900;0) (900;0) (900;0) (900;0) (900;0) (900;0) (900;0) (900;0) (900;0) (900;0) (900;0) (900;0) (900;0) (900;0) (900;0) (900;0) (900;0) (900;0) (900;0) (900;0) (900;0) (900;0) (900;0) (900;0) (900;0) (900;0) (900;0) (900;0) (900;0) (900;0) (900;0) (900;0) (900;0) (900;0) (900;0) (900;0) (900;0) (900;0) (900;0) (900;0) (900;0) (900;0) (900;0) (900;0) (900;0) (900;0) (900;0) (900;0) (900;0) (900;0) (900;0) (900;0) (900;0) (900;0) (900;0) (900;0) (900;0) (900;0) (900;0) (900;0) (900;0) (900;0) (900;0) (900;0) (900;0) (900;0) (900;0) (900;0) (900;0) (900;0) (900;0) (900;0) (900;0) (900;0) (900;0) (900;0) (900;0) (900;0) (900;0) (900;0) (900;0) (900;0) (900;0) (900;0) (900;0) (900;0) (900;0) (900;0) (900;0) (900;0) (900;0) (900;0) (900;0) (900;0) (900;0) (900;0) (900;0) (900;0) (900;0) (900;0) (900;0) (900;0) (900;0) (900;0) (900;0) (900;0) (900;0) (900;0) (900;0) (900;0) (900;0) (900;0) (900;0) (900;0) (900;0) (900;0) (900;0) (900;0) (900;0) (900;0) (900;0) (900;0) (900;0) (900;0) (900;0) (900;0) (900;0) (900;0) (900;0) (900;0) (900;0) (900;0) (900;0) (900;0) (900;0) (900;0) (900;0) (900;0) (900;0) (900;0) (900;0) (900;0) 
(40;40) (900;0) (900;0) (900;0) (900;0) (900;0) (900;0) (900;0) (900;0) (900;0) (900;0) (900;0) (900;0) (900;0) (900;0) (900;0) (900;0) (900;0) (900;0) (900;0) (900;0) (900;0) (900;0) (900;0) (900;0) (900;0) (900;0) (900;0) (900;0) (900;0) (900;0) (900;0) (900;0) (900;0) (900;0) (900;0) (900;0) (900;0) (900;0) (900;0) (900;0) (900;0) (900;0) (900;0) (900;0) (900;0) (900;0) (900;0) (900;0) (900;0) (900;0) (900;0) (900;0) (900;0) (900;0) (900;0) (900;0) (900;0) (900;0) (900;0) (900;0) (900;0) (900;0) (900;0) (900;0) (900;0) (900;0) (900;0) (900;0) (900;0) (900;0) (900;0) (900;0) (900;0) (900;0) (900;0) (900;0) (900;0) (900;0) (900;0) (900;0) (900;0) (900;0) (900;0) (900;0) (900;0) (900;0) (900;0) (900;0) (900;0) (900;0) (900;0) (900;0) (900;0) (900;0) (900;0) (900;0) (900;0) (900;0) (900;0) (900;0) (900;0) (900;0) (900;0) (900;0) (900;0) (900;0) (900;0) (900;0) (900;0) (900;0) (900;0) (900;0) (900;0) (900;0) (900;0) (900;0) (900;0) (900;0) (900;0) (900;0) (900;0) (900;0) (900;0) (900;0) (900;0) (900;0) (900;0) (900;0) (900;0) (900;0) (900;0) (900;0) (900;0) (900;0) (900;0) (900;0) (900;0) (900;0) (900;0) (900;0) (900;0) (900;0) (900;0) (900;0) (900;0) (900;0) (900;0) (900;0) (900;0) (900;0) (900;0) (900;0) (900;0) (900;0) (900;0) (900;0) (900;0) (900;0) (900;0) (900;0) (900;0) (900;0) (900;0) (900;0) (900;0) (900;0) (900;0) (900;0) (900;0) (900;0) (900;0) (900;0) (900;0) (900;0) (900;0) (900;0) (900;0) (900;0) (900;0) (900;0) (900;0) (900;0) (900;0) (900;0) (900;0) (900;0) (900;0) (900;0) (900;0) (900;0) (900;0) (900;0) (900;0) (900;0) (900;0) (900;0) (900;0) (900;0) (900;0) (900;0) (900;0) (900;0) (900;0) (900;0) (900;0) (900;0) (900;0) (900;0) (900;0) (900;0) (900;0) (900;0) (900;0) (900;0) (900;0) (900;0) (900;0) (900;0) (900;0) (900;0) (900;0) (900;0) (900;0) (900;0) (900;0) (900;0) (900;0) (900;0) (900;0) (900;0) (900;0) (900;0) (900;0) (900;0) (900;0) (900;0) (900;0) (900;0) (900;0) (900;0) (900;0) (900;0) (900;0) (900;0) (900;0) (900;0) (900;0) (900;0) (900;0) (900;0) (900;0) (900;0) (900;0) (900;0) (900;0) (900;0) (900;0) (900;0) (900;0) (900;0) (900;0) (900;0) (900;0) (900;0) (900;0) (900;0) (900;0) (900;0) (900;0) (900;0) (900;0) (900;0) (900;0) (900;0) (900;0) (900;0) (900;0) (900;0) (900;0) (900;0) (900;0) (900;0) (900;0) (900;0) (900;0) (900;0) (900;0) (900;0) (900;0) (900;0) (900;0) (900;0) (900;0) (900;0) (900;0) (900;0) (900;0) (900;0) (900;0) (900;0) (900;0) (900;0) (900;0) (900;0) (900;0) (900;0) (900;0) (900;0) (900;0) (900;0) (900;0) (900;0) (900;0) (900;0) (900;0) (900;0) (900;0) (900;0) (900;0) (900;0) (900;0) (900;0) 

(900;0) (900;0) (900;0) (900;0) (900;0) (900;0) (900;0) (900;0) (900;0) (900;0) (900;0) (900;0) (900;0) (900;0) (900;0) (900;0) (900;0) (900;0) (900;0) (900;0) (900;0) (900;0) (900;0) (900;0) (900;0) (900;0) (900;0) (900;0) (900;0) (900;0) (900;0) (900;0) (900;0) (900;0) (900;0) (900;0) (900;0) (900;0) (900;0) (900;0) (900;0) (900;0) (900;0) (900;0) (900;0) (900;0) (900;0) (900;0) (900;0) (900;0) (900;0) 
(696;408) 
(696;408) (788;36) 
(204;104) (16;80) (36;200) 
(216;368) 
(696;408) (900;0) (648;340) (900;0) (300;600) (76;384) (360;280) (900;0) (644;432) (16;464) 
(696;408) (172;76) (900;0) (900;0) (576;488) (900;0) (900;0) (172;100) (900;0) (900;0) (624;456) 
(12;616) 

(40;40) (164;428) (900;0) (900;0) (900;0) (900;0) (900;0) (900;0) (900;0) (900;0) (900;0) (900;0) (900;0) (900;0) (900;0) (900;0) (900;0) (900;0) (900;0) (900;0) (900;0) (900;0) (900;0) (900;0) (900;0) (900;0) (900;0) (900;0) (900;0) (900;0) (900;0) (900;0) (900;0) (900;0) (900;0) (900;0) (900;0) (900;0) (900;0) (900;0) (900;0) (900;0) (900;0) (900;0) (900;0) (900;0) (900;0) (900;0) (900;0) (900;0) (900;0) (900;0) (900;0) (900;0) (900;0) (900;0) (900;0) (900;0) (900;0) (900;0) (900;0) (900;0) (900;0) (900;0) (900;0) (900;0) (900;0) (900;0) (900;0) (900;0) (900;0) (900;0) (900;0) (900;0) (900;0) (900;0) (900;0) (900;0) (900;0) (900;0) (900;0) (900;0) (900;0) (900;0) (900;0) (900;0) (900;0) (900;0) (900;0) (900;0) (900;0) (900;0) (900;0) (900;0) (900;0) (900;0) (900;0) (900;0) (900;0) (900;0) (900;0) (900;0) (900;0) (900;0) (900;0) (900;0) (900;0) (900;0) (900;0) (900;0) (900;0) (900;0) (900;0) (900;0) (900;0) (900;0) (900;0) (900;0) (900;0) (900;0) (900;0) (900;0) (900;0) (900;0) (900;0) (900;0) (900;0) (900;0) (900;0) (900;0) (900;0) (900;0) (900;0) (900;0) (900;0) (900;0) (900;0) (900;0) (900;0) (900;0) (900;0) (900;0) (900;0) (900;0) (900;0) (900;0) (900;0) (900;0) (900;0) (900;0) (900;0) (900;0) (900;0) (900;0) (900;0) (900;0) (900;0) (900;0) (900;0) (900;0) (900;0) (900;0) (900;0) (900;0) (900;0) (900;0) (900;0) (900;0) (900;0) (900;0) (900;0) (900;0) (900;0) (900;0) (900;0) (900;0) (900;0) (900;0) (900;0) (900;0) (900;0) (900;0) (900;0) (900;0) (900;0) (900;0) (900;0) (900;0) (900;0) (900;0) (900;0) (900;0) (900;0) (900;0) (900;0) (900;0) (900;0) (900;0) (900;0) (900;0) (900;0) (900;0) (900;0) (900;0) (900;0) (900;0) (900;0) (900;0) (900;0) (900;0) (900;0) (900;0) (900;0) (900;0) (900;0) (900;0) (900;0) (900;0) (900;0) (900;0) (900;0) (900;0) (900;0) 

(900;0) (900;0) (900;0) (900;0) (900;0) (900;0) (900;0) (900;0) (900;0) (900;0) (900;0) (900;0) (900;0) (900;0) (900;0) (900;0) (900;0) (900;0) (900;0) (900;0) (900;0) (900;0) (900;0) (900;0) (900;0) (900;0) (900;0) (900;0) (900;0) (900;0) (900;0) (900;0) (900;0) (900;0) (900;0) (900;0) (900;0) (900;0) (900;0) (900;0) (900;0) (900;0) (900;0) (900;0) (900;0) (900;0) (900;0) (900;0) (900;0) (900;0) (900;0) (900;0) (900;0) (900;0) (900;0) (900;0) (900;0) (900;0) (900;0) (900;0) (900;0) (900;0) (900;0) (900;0) (900;0) (900;0) (900;0) (900;0) (900;0) (900;0) (900;0) (900;0) (900;0) (900;0) (900;0) (900;0) (900;0) (900;0) (900;0) (900;0) (900;0) (900;0) (900;0) (900;0) (900;0) (900;0) (900;0) (900;0) (900;0) (900;0) (900;0) (900;0) (900;0) (900;0) (900;0) (900;0) (900;0) (900;0) (900;0) (900;0) (900;0) (900;0) (900;0) (900;0) (900;0) (900;0) (900;0) (900;0) (900;0) (900;0) (900;0) (900;0) (900;0) (900;0) (900;0) (900;0) (900;0) (900;0) (900;0) (900;0) (900;0) (900;0) (900;0) (900;0) (900;0) (900;0) (900;0) (900;0) (900;0) (900;0) (900;0) (900;0) (900;0) (900;0) (900;0) (900;0) (900;0) (900;0) (900;0) (900;0) (900;0) (900;0) (900;0) (900;0) (900;0) (900;0) (900;0) (900;0) (900;0) (900;0) (900;0) (900;0) (900;0) (900;0) (900;0) (900;0) (900;0) (900;0) (900;0) (900;0) (900;0) (900;0) (900;0) (900;0) (900;0) (900;0) (900;0) (900;0) (900;0) (900;0) (900;0) (900;0) (900;0) (900;0) (900;0) (900;0) (900;0) (900;0) (900;0) (900;0) (900;0) (900;0) (900;0) (900;0) (900;0) (900;0) (900;0) (900;0) (900;0) (900;0) (900;0) (900;0) (900;0) (900;0) (900;0) (900;0) (900;0) (900;0) (900;0) (900;0) (900;0) (900;0) (900;0) (900;0) (900;0) (900;0) (900;0) (900;0) (900;0) (900;0) (900;0) (900;0) (900;0) (900;0) (900;0) (900;0) (900;0) (900;0) (900;0) (900;0) (900;0) (900;0) (900;0) (900;0) (900;0) (900;0) (900;0) (900;0) (900;0) (900;0) (900;0) (900;0) (900;0) (900;0) (900;0) (900;0) (900;0) (900;0) (900;0) (900;0) (900;0) (900;0) (900;0) (900;0) (900;0) (900;0) (900;0) (900;0) (900;0) (900;0) (900;0) (900;0) (900;0) (900;0) (900;0) (900;0) (900;0) (900;0) (900;0) (900;0) (900;0) (900;0) (900;0) (900;0) (900;0) (900;0) (900;0) (900;0) (900;0) (900;0) (900;0) (900;0) (900;0) 
(900;0) (900;0) (900;0) (900;0) (900;0) (900;0) (900;0) (900;0) (900;0) (900;0) (900;0) (900;0) (900;0) (900;0) (900;0) (900;0) (900;0) (900;0) (900;0) (900;0) (900;0) (900;0) (900;0) (900;0) (900;0) (900;0) (900;0) (900;0) (900;0) (900;0) (900;0) (900;0) (900;0) (900;0) (900;0) (900;0) (900;0) (900;0) (900;0) (900;0) (900;0) (900;0) (900;0) (900;0) (900;0) (900;0) (900;0) (900;0) (900;0) (900;0) (900;0) (900;0) (900;0) (900;0) (900;0) (900;0) (900;0) (900;0) (900;0) (900;0) (900;0) (900;0) (900;0) (900;0) (900;0) (900;0) (900;0) (900;0) (900;0) (900;0) (900;0) (900;0) (900;0) (900;0) (900;0) (900;0) (900;0) (900;0) (900;0) (900;0) (900;0) (900;0) 
(116;608) (900;0) (900;0) (900;0) (900;0) (900;0) (900;0) (900;0) (900;0) (900;0) (900;0) (900;0) (900;0) (900;0) (900;0) (900;0) (900;0) (900;0) (900;0) (900;0) (900;0) (900;0) (900;0) (900;0) (900;0) (900;0) (900;0) (900;0) (900;0) (900;0) (900;0) (900;0) (900;0) (900;0) (900;0) (900;0) (900;0) (900;0) (900;0) (900;0) (900;0) (900;0) (900;0) (900;0) (900;0) (900;0) (900;0) (900;0) (900;0) (900;0) (900;0) (900;0) (900;0) (900;0) (900;0) (900;0) (900;0) (900;0) (900;0) (900;0) (900;0) (900;0) (900;0) (900;0) (900;0) (900;0) (900;0) (900;0) (900;0) (900;0) (900;0) (900;0) (900;0) (900;0) (900;0) (900;0) (900;0) (900;0) (900;0) (900;0) (900;0) (900;0) (900;0) (900;0) (900;0) (900;0) (900;0) (900;0) (900;0) (900;0) (900;0) (900;0) (900;0) (900;0) (900;0) (900;0) (900;0) (900;0) (900;0) (900;0) (900;0) (900;0) (900;0) (900;0) (900;0) (900;0) (900;0) (900;0) (900;0) (900;0) (900;0) (900;0) (900;0) (900;0) (900;0) (900;0) (900;0) (900;0) (900;0) (900;0) (900;0) (900;0) (900;0) (900;0) (900;0) (900;0) (900;0) (900;0) (900;0) (900;0) (900;0) (900;0) (900;0) (900;0) (900;0) (900;0) (900;0) (900;0) (900;0) (900;0) (900;0) (900;0) (900;0) (900;0) (900;0) (900;0) (900;0) (900;0) (900;0) (900;0) (900;0) (900;0) (900;0) (900;0) (900;0) (900;0) (900;0) (900;0) (900;0) (900;0) (900;0) (900;0) (900;0) (900;0) (900;0) (900;0) (900;0) (900;0) (900;0) (900;0) (900;0) (900;0) (900;0) (900;0) (900;0) (900;0) (900;0) (900;0) (900;0) (900;0) (900;0) (900;0) (900;0) (900;0) (900;0) (900;0) (900;0) (900;0) (900;0) (900;0) (900;0) (900;0) (900;0) (900;0) (900;0) (900;0) (900;0) (900;0) (900;0) (900;0) (900;0) (900;0) (900;0) (900;0) (900;0) (900;0) (900;0) (900;0) (900;0) (900;0) (900;0) (900;0) (900;0) (900;0) (900;0) (900;0) (900;0) (900;0) (900;0) (900;0) (900;0) (900;0) (900;0) (900;0) (900;0) (900;0) (900;0) (900;0) (900;0) (900;0) (900;0) (900;0) (900;0) (900;0) (900;0) (900;0) (900;0) (900;0) (900;0) 
(104;480) (900;0) (900;0) (900;0) (900;0) (900;0) (900;0) (900;0) (900;0) (900;0) (900;0) (900;0) (900;0) (900;0) (900;0) (900;0) (900;0) (900;0) (900;0) (900;0) (900;0) (900;0) (900;0) (900;0) (900;0) (900;0) (900;0) (900;0) (900;0) (900;0) (900;0) (900;0) (900;0) (900;0) (900;0) (900;0) (900;0) (900;0) (900;0) (900;0) (900;0) (900;0) (900;0) (900;0) (900;0) (900;0) (900;0) (900;0) (900;0) (900;0) (900;0) (900;0) (900;0) (900;0) (900;0) (900;0) (900;0) (900;0) (900;0) (900;0) (900;0) (900;0) (900;0) (900;0) (900;0) (900;0) (900;0) (900;0) (900;0) (900;0) (900;0) (900;0) (900;0) (900;0) (900;0) (900;0) (900;0) (900;0) (900;0) (900;0) (900;0) (900;0) (900;0) (900;0) (900;0) (900;0) (900;0) (900;0) (900;0) (900;0) (900;0) (900;0) (900;0) (900;0) (900;0) (900;0) (900;0) (900;0) (900;0) (900;0) (900;0) (900;0) (900;0) (900;0) (900;0) (900;0) (900;0) (900;0) (900;0) (900;0) (900;0) (900;0) (900;0) (900;0) (900;0) (900;0) (900;0) (900;0) (900;0) (900;0) (900;0) (900;0) (900;0) (900;0) (900;0) (900;0) (900;0) (900;0) (900;0) (900;0) (900;0) (900;0) (900;0) (900;0) (900;0) (900;0) (900;0) (900;0) (900;0) (900;0) (900;0) (900;0) (900;0) (900;0) (900;0) (900;0) (900;0) (900;0) (900;0) (900;0) (900;0) (900;0) (900;0) (900;0) (900;0) (900;0) (900;0) (900;0) (900;0) (900;0) (900;0) (900;0) (900;0) (900;0) (900;0) (900;0) (900;0) (900;0) (900;0) (900;0) (900;0) (900;0) (900;0) (900;0) (900;0) (900;0) 




(900;0) (900;0) (900;0) (900;0) (900;0) (900;0) (900;0) (900;0) (900;0) (900;0) (900;0) (900;0) (900;0) (900;0) (900;0) (900;0) (900;0) (900;0) (900;0) (900;0) (900;0) (900;0) (900;0) (900;0) (900;0) (900;0) (900;0) (900;0) (900;0) (900;0) (900;0) (900;0) (900;0) (900;0) (900;0) (900;0) (900;0) (900;0) (900;0) (900;0) (900;0) (900;0) (900;0) (900;0) (900;0) (900;0) (900;0) (900;0) (900;0) (900;0) (900;0) (900;0) (900;0) (900;0) (900;0) (900;0) (900;0) (900;0) (900;0) (900;0) (900;0) (900;0) (900;0) (900;0) (900;0) (900;0) (900;0) (900;0) (900;0) (900;0) (900;0) (900;0) (900;0) (900;0) (900;0) (900;0) (900;0) (900;0) 

(900;0) (900;0) (900;0) (900;0) (900;0) (900;0) (900;0) (900;0) (900;0) (900;0) (900;0) (900;0) (900;0) (900;0) (900;0) (900;0) (900;0) (900;0) (900;0) (900;0) (900;0) (900;0) (900;0) (900;0) (900;0) (900;0) (900;0) (900;0) (900;0) (900;0) (900;0) (900;0) (900;0) (900;0) (900;0) (900;0) (900;0) (900;0) (900;0) (900;0) (900;0) (900;0) (900;0) (900;0) (900;0) (900;0) (900;0) (900;0) (900;0) (900;0) (900;0) (900;0) (900;0) (900;0) (900;0) (900;0) (900;0) (900;0) (900;0) (900;0) (900;0) (900;0) (900;0) (900;0) (900;0) (900;0) (900;0) (900;0) (900;0) (900;0) (900;0) (900;0) (900;0) (900;0) (900;0) (900;0) (900;0) (900;0) (900;0) (900;0) (900;0) (900;0) (900;0) (900;0) (900;0) (900;0) (900;0) (900;0) (900;0) (900;0) (900;0) (900;0) (900;0) (900;0) (900;0) (900;0) (900;0) (900;0) (900;0) (900;0) (900;0) (900;0) (900;0) (900;0) (900;0) (900;0) (900;0) (900;0) (900;0) (900;0) (900;0) (900;0) (900;0) (900;0) (900;0) (900;0) (900;0) (900;0) (900;0) 
